1
14
2
19
1
1
23
11
12
18
18
18
1
18
22
10
10
12
12
12
10
1
1
22
22
22
17
16
17
23
23
13
2
2
22
22
15
15
2
14
13
23
13
13
22
23
23
1
11
20
20
23
1
20
20
20
11
11
20
20
20
20
20
8
10
21
6
6
9
21
10
10
8
19
1
1
18
18
3
19
1
1
1
19
1
19
4
19
19
19
19
19
19
1
23
23
13
7
8
10
7
21
13
13
13
5
2
9
8
10
2
2
1
1
11
18
18
0
18
19
19
19
19
18
18
18
18
18
18
18
18
0
18
5
2
5
2
2
2
7
7
20
11
11
11
1
1
22
23
2
19
1
1
23
12
18
18
18
18
18
18
22
10
10
12
12
10
1
22
17
16
17
22
22
2
22
22
15
22
14
13
13
23
23
1
11
20
20
1
1
20
11
11
20
11
8
10
21
6
9
10
10
10
8
19
19
1
18
18
3
1
1
19
4
19
19
19
1
1
23
23
23
13
23
13
7
7
21
13
13
13
5
2
9
8
5
10
10
2
2
2
1
1
11
18
18
18
0
18
19
19
19
19
18
18
18
18
18
18
18
18
18
18
18
18
0
18
2
5
2
5
2
5
2
2
2
5
5
2
2
20
11
11
